4294967278,286
4294967279,524
4294967278,283
4294967279,533
4294967278,271
4294967279,571
4294967278,281
4294967279,259
4294967278,301
4294967279,522
4294967278,340
4294967279,530
4294967278,285
4294967278,262
4294967278,261
4294967279,281
4294967278,335
4294967278,29
4294967278,24
4294967278,19
4294967278,16
4294967278,15
4294967278,10
4294967278,5
4294967279,132
4294967279,130
4294967279,125
4294967279,123
4294967279,118
4294967294,97
4294967294,30
4294967294,942
4294967294,941
4294967294,939
4294967294,938
4294967294,933
4294967294,922
4294967294,436
4294967294,158
4294967294,157
4294967294,156
4294967294,155
4294967294,60
4294967278,360
4294967294,75
4294967294,104
4294967294,106
4294967294,169
4294967294,174
4294967294,173
4294967294,18
4294967294,127
4294967294,14
4294967294,126
4294967294,20
4294967294,13
4294967294,450
4294967294,12
4294967279,518
4294967294,11
4294967294,68
4294967278,132
4294967278,131
4294967278,130
4294967278,129
4294967278,128
4294967278,379
4294967278,126
4294967278,125
4294967278,124
4294967278,123
4294967278,252
4294967278,122
4294967278,120
4294967278,118
4294967278,117
4294967278,115
4294967278,114
4294967278,113
4294967278,112
4294967278,233
4294967278,111
4294967278,109
4294967278,107
4294967278,106
4294967278,105
4294967278,104
4294967278,103
4294967278,215
4294967278,102
4294967278,377
4294967278,101
4294967278,376
4294967278,99
4294967278,375
4294967278,98
4294967278,325
4294967278,97
4294967278,96
4294967278,95
4294967278,94
4294967278,374
4294967278,93
4294967278,91
4294967278,89
4294967278,87
4294967278,84
4294967278,83
4294967278,82
4294967278,79
4294967278,78
4294967278,77
4294967278,318
4294967278,76
4294967278,75
4294967278,73
4294967278,71
4294967278,70
4294967278,69
4294967278,68
4294967278,67
4294967278,368
4294967278,66
4294967278,65
4294967278,64
4294967278,312
4294967278,63
4294967278,62
4294967278,60
4294967278,59
4294967278,311
4294967278,58
4294967278,57
4294967278,56
4294967278,366
4294967278,55
4294967278,54
4294967278,53
4294967278,51
4294967278,50
4294967278,300
4294967278,49
4294967278,307
4294967278,48
4294967278,47
4294967278,46
4294967278,45
4294967278,44
4294967278,43
4294967278,42
4294967278,41
4294967278,40
4294967278,39
4294967278,38
4294967278,37
4294967278,36
4294967278,306
4294967278,35
4294967278,34
4294967278,33
4294967278,32
4294967278,31
4294967278,30
4294967279,566
4294967279,562
4294967279,60
4294967279,59
4294967279,58
4294967279,300
4294967279,57
4294967279,56
4294967279,55
4294967279,558
4294967279,54
4294967279,557
4294967279,53
4294967279,52
4294967279,51
4294967279,50
4294967279,49
4294967279,48
4294967279,47
4294967279,46
4294967279,45
4294967279,44
4294967279,43
4294967279,42
4294967279,41
4294967279,40
4294967279,38
4294967279,37
4294967279,36
4294967279,35
4294967279,34
4294967279,33
4294967279,32
4294967279,31
4294967279,30
4294967279,29
4294967279,28
4294967279,27
4294967279,26
4294967279,24
4294967279,21
4294967279,19
4294967279,18
4294967279,17
4294967279,16
4294967279,15
4294967279,11
4294967279,10
4294967279,9
4294967279,8
4294967279,7
4294967279,6
4294967279,5
4294967279,331
4294967279,319
4294967294,1419
4294967278,119
4294967278,247
4294967279,246
102,7
4294967278,238
102,6
4294967279,237
102,5
102,4
102,3
102,2
102,1
4294967278,389
4294967278,174
4294967278,110
4294967278,108
4294967278,227
4294967279,226
4294967278,220
4294967278,92
4294967279,211
4294967279,210
4294967278,208
4294967278,204
4294967278,373
4294967278,203
4294967279,330
4294967278,86
4294967278,354
4294967279,564
4294967278,85
4294967278,371
4294967279,198
4294967279,197
4294967278,196
4294967279,196
4294967278,321
4294967278,194
4294967278,80
4294967278,193
4294967278,353
4294967279,549
4294967278,192
98,6
98,5
98,4
98,3
98,2
98,1
4294967278,388
4294967279,563
4294967278,74
4294967278,369
4294967278,72
4294967278,185
4294967278,316
4294967279,305
4294967278,181
4294967279,547
4294967279,302
4294967279,301
4294967278,178
4294967278,177
4294967278,176
4294967279,560
4294967278,52
4294967278,387
4294967278,61
4294967279,61
4294967279,329
4294967278,386
4294967294,898
4294967294,176
4294967294,910
4294967278,172
4294967278,171
4294967279,170
4294967278,169
4294967278,167
4294967279,167
95,6
95,5
95,4
95,3
95,2
95,1
4294967278,365
4294967278,385
4294967278,364
4294967279,162
4294967279,292
4294967279,288
4294967279,159
4294967278,363
4294967279,39
4294967279,152
4294967278,152
4294967279,328
4294967278,151
4294967279,150
4294967279,539
4294967278,384
4294967279,147
4294967279,527
92,5
92,4
92,3
92,2
92,1
4294967279,25
4294967279,285
4294967278,344
4294967279,14
4294967279,23
4294967279,537
4294967278,289
4294967279,22
4294967279,133
4294967279,283
4294967278,302
4294967279,20
4294967279,270
4294967279,282
4294967279,264
90,6
4294967279,277
90,5
90,4
90,3
90,2
90,1
4294967279,523
4294967279,13
4294967279,276
4294967279,4
4294967294,392
4294967278,282
4294967279,12
4294967279,534
4294967279,260
4294967278,266
4294967279,327
4294967279,275
4294967278,280
4294967279,258
4294967279,257
4294967279,256
4294967279,253
4294967279,255
4294967278,257
4294967279,553
4294967278,333
4294967278,256
4294967294,1416
4294967278,332
4294967278,330
4294967279,252
4294967278,127
4294967278,255
87,5
4294967278,328
4294967279,513
4294967278,254
87,4
